1 0.590625 0.29375 0.34296875 0.02109375
1 0.7578125 0.33828125 0.00859375 0.06796875
1 0.75859375 0.5125 0.0078125 0.10703125
1 0.70078125 0.5546875 0.10546875 0.01875
1 0.64375 0.353125 0.0078125 0.1
1 0.64375 0.60390625 0.0078125 0.16484375
1 0.60390625 0.678125 0.071875 0.01953125
1 0.45390625 0.678125 0.06953125 0.01953125
1 0.4234375 0.5625 0.00859375 0.2125
1 0.4234375 0.3203125 0.0078125 0.03359375
0 0.4015625 0.39609375 0.053125 0.1203125
0 0.665625 0.46328125 0.05234375 0.11953125
2 0.52890625 0.678125 0.0796875 0.01953125
2 0.7578125 0.415625 0.00859375 0.0859375