1 0.29375 0.590625 0.021875 0.34375
1 0.33828125 0.7578125 0.06875 0.009375
1 0.5125 0.75859375 0.10625 0.0078125
1 0.5546875 0.70078125 0.01875 0.10625
1 0.353125 0.64375 0.1 0.0078125
1 0.60390625 0.64375 0.165625 0.0078125
1 0.678125 0.60390625 0.01875 0.071875
1 0.678125 0.45390625 0.01875 0.06875
1 0.5625 0.4234375 0.2125 0.009375
1 0.3203125 0.4234375 0.034375 0.0078125
0 0.39609375 0.4015625 0.1203125 0.053125
0 0.46328125 0.665625 0.11875 0.053125
2 0.678125 0.52890625 0.01875 0.0796875
2 0.415625 0.7578125 0.0859375 0.009375