1 0.409375 0.70625 0.34375 0.021875
1 0.2421875 0.66171875 0.009375 0.06875
1 0.24140625 0.4875 0.0078125 0.10625
1 0.29921875 0.4453125 0.10625 0.01875
1 0.35625 0.646875 0.0078125 0.1
1 0.35625 0.39609375 0.0078125 0.165625
1 0.39609375 0.321875 0.071875 0.01875
1 0.54609375 0.321875 0.06875 0.01875
1 0.5765625 0.4375 0.009375 0.2125
1 0.5765625 0.6796875 0.0078125 0.034375
0 0.5984375 0.60390625 0.053125 0.1203125
0 0.334375 0.53671875 0.053125 0.11875
2 0.47109375 0.321875 0.0796875 0.01875
2 0.2421875 0.584375 0.009375 0.0859375