1 0.1734375 0.440625 0.19375 0.00625
1 0.3796875 0.43984375 0.0984375 0.0046875
1 0.421875 0.44609375 0.0125 0.0078125
1 0.08359375 0.44765625 0.0109375 0.009375
1 0.0828125 0.5125 0.0125 0.0625
1 0.0828125 0.5859375 0.0109375 0.0359375
1 0.0828125 0.65234375 0.0109375 0.034375
1 0.0828125 0.72265625 0.0125 0.0390625
1 0.1265625 0.740625 0.078125 0.0046875
1 0.39140625 0.740625 0.05 0.00625
1 0.42265625 0.6125 0.0125 0.2609375
1 0.33203125 0.49375 0.16875 0.00625
1 0.30859375 0.51328125 0.0125 0.03125
1 0.30859375 0.56171875 0.0125 0.025
1 0.365625 0.571875 0.1015625 0.00625
1 0.1109375 0.496875 0.0453125 0.00625
1 0.1921875 0.496875 0.025 0.00625
1 0.21015625 0.475 0.0125 0.065625
1 0.146875 0.53046875 0.115625 0.00625
1 0.21015625 0.52734375 0.0109375 0.0125
1 0.11875 0.58046875 0.059375 0.0046875
1 0.225 0.58046875 0.0359375 0.0046875
1 0.16640625 0.65390625 0.15625 0.00625
1 0.2375 0.6171875 0.009375 0.06875
0 0.15703125 0.5 0.0484375 0.0125
0 0.21484375 0.51484375 0.021875 0.0125
0 0.31875 0.5390625 0.03125 0.0203125
0 0.178125 0.5859375 0.059375 0.015625
2 0.30078125 0.43984375 0.059375 0.00625
2 0.0828125 0.4671875 0.0109375 0.0296875
2 0.0828125 0.55625 0.0125 0.025
2 0.0828125 0.61953125 0.0125 0.03125
2 0.26484375 0.740625 0.2 0.00625
0 0.453125 0.46640625 0.0734375 0.03125
0 0.05078125 0.68671875 0.075 0.0328125