1 0.6640625 0.8328125 0.046875 0.0109375
1 0.675 0.803125 0.0234375 0.05
1 0.67578125 0.64765625 0.0234375 0.1375
1 0.56015625 0.6921875 0.2125 0.0109375
1 0.3734375 0.8328125 0.084375 0.009375
1 0.67578125 0.47578125 0.021875 0.0765625
1 0.675 0.35546875 0.021875 0.0328125
1 0.63203125 0.34375 0.065625 0.009375
1 0.40234375 0.34375 0.184375 0.009375
1 0.4265625 0.48671875 0.1015625 0.009375
1 0.62109375 0.48671875 0.0875 0.009375
1 0.42890625 0.41484375 0.025 0.13125
1 0.34375 0.79140625 0.0234375 0.071875
1 0.34375 0.69921875 0.021875 0.025
1 0.21484375 0.6921875 0.2375 0.0109375
1 0.234375 0.6171875 0.0234375 0.140625
1 0.084375 0.79375 0.021875 0.0421875
1 0.084375 0.59296875 0.025 0.259375
1 0.196875 0.48671875 0.203125 0.009375
1 0.23515625 0.5 0.025 0.0171875
1 0.084375 0.35234375 0.025 0.025
1 0.14375 0.34375 0.09375 0.0109375
2 0.52734375 0.8328125 0.225 0.009375
2 0.675 0.74765625 0.025 0.0625
2 0.675 0.40390625 0.025 0.065625
2 0.54765625 0.34375 0.10625 0.0109375
2 0.25078125 0.34375 0.11875 0.0109375
2 0.08515625 0.41328125 0.025 0.096875
2 0.08359375 0.74765625 0.025 0.05
1 0.3120171640625 0.83040462265625 0.040556715625 0.014246745312500054
1 0.112319403125 0.8134785156250001 0.07800895625000001 0.014082031250000071
0 0.20964477656250002 0.84753385390625 0.17310447812500002 0.07265755156250009
0 0.30625 0.7328125 0.0984375 0.04375
0 0.2015625 0.528125 0.09375 0.0375
0 0.3375 0.47421875 0.08125 0.0375
0 0.52734375 0.46875 0.1 0.04375
0 0.740625 0.54609375 0.15625 0.065625