1 0.35703125 0.20859375 0.025 0.0078125
1 0.43125 0.209375 0.0578125 0.00859375
1 0.4375 0.2421875 0.00390625 0.05859375
1 0.60546875 0.209375 0.03828125 0.00859375
1 0.65625 0.209375 0.01796875 0.00859375
1 0.6625 0.3375 0.003125 0.24765625
1 0.66328125 0.60390625 0.00390625 0.05078125
1 0.6515625 0.62578125 0.02109375 0.009375
1 0.58125 0.62578125 0.05234375 0.009375
1 0.50625 0.62578125 0.0296875 0.009375
1 0.34609375 0.27421875 0.00390625 0.12421875
1 0.34609375 0.46875 0.003125 0.16640625
1 0.359375 0.54765625 0.0234375 0.0109375
1 0.47578125 0.54765625 0.03046875 0.01015625
1 0.43828125 0.359375 0.00390625 0.075
1 0.4015625 0.40078125 0.10625 0.009375
1 0.5 0.4 0.0484375 0.00859375
1 0.56796875 0.40078125 0.04296875 0.009375
1 0.6359375 0.4 0.05 0.00859375
1 0.49296875 0.51328125 0.00390625 0.21875
1 0.58203125 0.5140625 0.00390625 0.2171875
0 0.3546875 0.36015625 0.02265625 0.05
0 0.42890625 0.2984375 0.02265625 0.0515625
0 0.465625 0.3796875 0.021875 0.05390625
0 0.53515625 0.37890625 0.021875 0.05390625
0 0.60078125 0.37890625 0.021875 0.0546875
0 0.6359375 0.1875 0.021875 0.0546875
2 0.3859375 0.20859375 0.034375 0.01171875
2 0.5234375 0.20859375 0.1265625 0.0109375
2 0.6625 0.5203125 0.00390625 0.11796875
2 0.62421875 0.62578125 0.034375 0.0109375
2 0.53828125 0.625 0.03359375 0.01015625
2 0.415625 0.54765625 0.08828125 0.01015625