1 0.9859375 0.128125 0.009375 0.078125
1 0.9859375 0.25234375 0.009375 0.078125
1 0.89765625 0.0921875 0.16875 0.0046875
1 0.73125 0.0921875 0.025 0.003125
1 0.7234375 0.1859375 0.0109375 0.184375
1 0.93984375 0.26015625 0.0828125 0.003125
1 0.77890625 0.259375 0.103125 0.0046875
1 0.72265625 0.34296875 0.0125 0.0703125
2 0.9859375 0.18984375 0.009375 0.046875
0 0.7796875 0.10546875 0.071875 0.034375
0 0.86484375 0.24765625 0.06875 0.03125
0 0.75078125 0.29375 0.06875 0.03125
0 0.75234375 0.39375 0.071875 0.03125
2 0.98515625 0.53203125 0.009375 0.03125
2 0.98515625 0.378125 0.0125 0.171875
1 0.9859375 0.490625 0.0125 0.053125
1 0.9859375 0.57890625 0.0125 0.0625
1 0.7234375 0.490625 0.0125 0.1640625
1 0.69609375 0.6078125 0.5703125 0.0046875
1 0.41640625 0.58671875 0.0109375 0.0375
1 0.415625 0.46015625 0.009375 0.078125
2 0.415625 0.53359375 0.0125 0.06875
2 0.415625 0.39765625 0.0125 0.046875
1 0.56875 0.4578125 0.296875 0.00625
1 0.56953125 0.33671875 0.296875 0.0046875
1 0.415625 0.29765625 0.0109375 0.153125
2 0.41640625 0.1859375 0.0125 0.0703125
1 0.5640625 0.134375 0.309375 0.00625
1 0.41640625 0.14453125 0.0109375 0.0125