1 0.3359375 0.1671875 0.046875 0.009375
1 0.325 0.196875 0.0234375 0.05
1 0.32421875 0.35234375 0.0234375 0.1375
1 0.43984375 0.3078125 0.2125 0.0109375
1 0.6265625 0.1671875 0.084375 0.009375
1 0.32421875 0.52421875 0.021875 0.0765625
1 0.325 0.64453125 0.021875 0.0328125
1 0.36796875 0.65625 0.065625 0.009375
1 0.59765625 0.65625 0.184375 0.009375
1 0.5734375 0.51328125 0.1015625 0.009375
1 0.37890625 0.51328125 0.0875 0.009375
1 0.57109375 0.58515625 0.025 0.13125
1 0.65625 0.20859375 0.0234375 0.071875
1 0.65625 0.30078125 0.021875 0.025
1 0.78515625 0.3078125 0.2375 0.009375
1 0.765625 0.3828125 0.0234375 0.140625
1 0.915625 0.20625 0.021875 0.0421875
1 0.915625 0.40703125 0.025 0.259375
1 0.803125 0.51328125 0.203125 0.009375
1 0.76484375 0.5 0.025 0.0171875
1 0.915625 0.64765625 0.025 0.025
1 0.85625 0.65625 0.09375 0.0109375
2 0.47265625 0.1671875 0.225 0.009375
2 0.325 0.25234375 0.025 0.0625
2 0.325 0.59609375 0.025 0.065625
2 0.45234375 0.65625 0.10625 0.0109375
2 0.74921875 0.65625 0.11875 0.0109375
2 0.91484375 0.58671875 0.025 0.096875
2 0.91640625 0.25234375 0.025 0.05
1 0.6879828359375001 0.16959537734375002 0.040556715625 0.014246745312499986
1 0.887680596875 0.186521484375 0.07800895624999989 0.014082031249999983
0 0.7903552234375001 0.15246614609375 0.17310447812499996 0.0726575515625
0 0.69375 0.2671875 0.0984375 0.04375
0 0.7984375 0.471875 0.09375 0.0375
0 0.6625 0.52578125 0.08125 0.0375
0 0.47265625 0.53125 0.1 0.04375
0 0.259375 0.45390625 0.15625 0.065625