1 0.559375 0.74765625 0.00625 0.3515625
1 0.40703125 0.57734375 0.3 0.0125
1 0.259375 0.753125 0.0046875 0.340625
1 0.41875 0.91796875 0.178125 0.0109375
1 0.2796875 0.9171875 0.034375 0.0109375
1 0.34609375 0.834375 0.00625 0.15625
1 0.38515625 0.7625 0.071875 0.0109375
1 0.41953125 0.88125 0.0046875 0.0609375
1 0.41953125 0.7796875 0.0046875 0.025
1 0.4703125 0.84921875 0.00625 0.1265625
1 0.47578125 0.790625 0.00625 0.0125
1 0.52421875 0.790625 0.065625 0.0109375
1 0.503125 0.80859375 0.00625 0.025
1 0.503125 0.88984375 0.00625 0.0453125
1 0.50625 0.66796875 0.00625 0.16875
1 0.48515625 0.71796875 0.0375 0.0125
1 0.4359375 0.71796875 0.0203125 0.0125
1 0.42890625 0.646875 0.00625 0.128125
0 0.5 0.84375 0.0125 0.046875
0 0.48515625 0.78671875 0.0125 0.021875
0 0.45625 0.72734375 0.021875 0.03125
0 0.4140625 0.821875 0.015625 0.059375
0 0.31328125 0.9484375 0.03125 0.071875
2 0.53203125 0.91796875 0.05 0.0125