1 0.1671875 0.3359375 0.01015625 0.04609375
1 0.196875 0.325 0.05 0.0234375
1 0.35234375 0.32421875 0.13828125 0.0234375
1 0.3078125 0.43984375 0.0109375 0.21171875
1 0.1671875 0.6265625 0.01015625 0.084375
1 0.52421875 0.32421875 0.0765625 0.02265625
1 0.64453125 0.325 0.0328125 0.021875
1 0.65625 0.36796875 0.01015625 0.06484375
1 0.65625 0.59765625 0.009375 0.18515625
1 0.51328125 0.5734375 0.01015625 0.1015625
1 0.51328125 0.37890625 0.01015625 0.0875
1 0.58515625 0.57109375 0.13203125 0.02578125
1 0.20859375 0.65625 0.07265625 0.0234375
1 0.30078125 0.65625 0.025 0.021875
1 0.3078125 0.78515625 0.01015625 0.23828125
1 0.3828125 0.765625 0.13984375 0.0234375
1 0.20625 0.915625 0.0421875 0.021875
1 0.40703125 0.915625 0.26015625 0.02421875
1 0.51328125 0.803125 0.01015625 0.20234375
1 0.5 0.76484375 0.0171875 0.02578125
1 0.64765625 0.915625 0.02578125 0.02421875
1 0.65625 0.85625 0.0109375 0.09453125
2 0.1671875 0.47265625 0.01015625 0.225
2 0.25234375 0.325 0.0625 0.02578125
2 0.59609375 0.325 0.065625 0.02421875
2 0.65625 0.45234375 0.0109375 0.10625
2 0.65625 0.74921875 0.0109375 0.11953125
2 0.58671875 0.91484375 0.09765625 0.02421875
2 0.25234375 0.91640625 0.05 0.02578125
1 0.16959537734375002 0.6879828359375001 0.014246745312499986 0.040556715625
1 0.186521484375 0.887680596875 0.014082031249999983 0.07800895624999989
0 0.15246614609375 0.7903552234375001 0.0726575515625 0.17310447812499996
0 0.2671875 0.69375 0.04296875 0.0984375
0 0.471875 0.7984375 0.03828125 0.09296875
0 0.52578125 0.6625 0.0375 0.08125
0 0.53125 0.47265625 0.04453125 0.1
0 0.45390625 0.259375 0.06484375 0.15625