1 0.3640625 0.40546875 0.00859375 0.03671875
1 0.38828125 0.39609375 0.0390625 0.01953125
1 0.5125 0.396875 0.1109375 0.01875
1 0.64921875 0.39609375 0.0609375 0.01796875
1 0.74609375 0.396875 0.02578125 0.01875
1 0.7546875 0.43125 0.0078125 0.04921875
1 0.7546875 0.58828125 0.0078125 0.09453125
1 0.7546875 0.7234375 0.0078125 0.0640625
1 0.64140625 0.4390625 0.00859375 0.06875
1 0.64140625 0.5953125 0.00703125 0.0796875
1 0.69765625 0.603125 0.1046875 0.01796875
1 0.3640625 0.628125 0.0078125 0.04921875
1 0.39375 0.6609375 0.06640625 0.01875
1 0.47109375 0.66171875 0.01875 0.0171875
1 0.47734375 0.76484375 0.00859375 0.1875
1 0.64140625 0.77890625 0.0078125 0.1609375
1 0.6984375 0.74609375 0.10546875 0.01953125
1 0.5484375 0.86875 0.19296875 0.01796875
1 0.39921875 0.86796875 0.02734375 0.01953125
1 0.47734375 0.48984375 0.0078125 0.16484375
1 0.3662135421875 0.68606716484375 0.010664062499999983 0.030805970312500007
1 0.37992252578125 0.8451440296874999 0.011764323437500002 0.0630761187500001
0 0.59375 0.3484375 0.0515625 0.1203125
0 0.6546875 0.51484375 0.03515625 0.0828125
0 0.65078125 0.6671875 0.0265625 0.065625
0 0.44453125 0.69140625 0.03515625 0.08046875
0 0.3512529296875 0.7684164179687499 0.06009440000000001 0.13924477656249995
2 0.43203125 0.39609375 0.05 0.02109375
2 0.70625 0.396875 0.053125 0.02265625
2 0.43203125 0.86875 0.0390625 0.02109375
2 0.3640625 0.515625 0.0078125 0.18359375
2 0.7546875 0.49765625 0.0078125 0.08671875
2 0.7546875 0.6640625 0.00859375 0.05859375