1 0.559375 0.8265625 0.00625 0.19375
1 0.56015625 0.6203125 0.0046875 0.0984375
1 0.55390625 0.578125 0.0078125 0.0125
1 0.55234375 0.91640625 0.009375 0.0109375
1 0.4875 0.9171875 0.0625 0.0125
1 0.4140625 0.9171875 0.034375 0.0109375
1 0.34765625 0.9171875 0.034375 0.0109375
1 0.27734375 0.9171875 0.0390625 0.0125
1 0.259375 0.8734375 0.0046875 0.078125
1 0.259375 0.60859375 0.00625 0.05
1 0.3875 0.57734375 0.2609375 0.0125
1 0.50625 0.66796875 0.00625 0.16875
1 0.48671875 0.69140625 0.03125 0.0125
1 0.43828125 0.69140625 0.025 0.0125
1 0.428125 0.634375 0.00625 0.1015625
1 0.503125 0.8890625 0.00625 0.0453125
1 0.503125 0.8078125 0.00625 0.025
1 0.525 0.78984375 0.065625 0.0125
1 0.46953125 0.853125 0.00625 0.115625
1 0.47265625 0.78984375 0.0125 0.0109375
1 0.41953125 0.88125 0.0046875 0.059375
1 0.41953125 0.775 0.0046875 0.0359375
1 0.34609375 0.83359375 0.00625 0.15625
1 0.3828125 0.7625 0.06875 0.009375
0 0.5 0.84296875 0.0125 0.0484375
0 0.48515625 0.78515625 0.0125 0.021875
0 0.4609375 0.68125 0.0203125 0.03125
0 0.4140625 0.821875 0.015625 0.059375
2 0.56015625 0.69921875 0.00625 0.059375
2 0.5328125 0.9171875 0.0296875 0.0109375
2 0.44375 0.9171875 0.025 0.0125
2 0.38046875 0.9171875 0.03125 0.0125
2 0.259375 0.73515625 0.00625 0.2
0 0.53359375 0.546875 0.03125 0.0734375
0 0.31328125 0.94921875 0.0328125 0.075