1 0.34140625 0.209375 0.05625 0.0078125
1 0.31484375 0.27421875 0.00390625 0.121875
1 0.31484375 0.3953125 0.00390625 0.01875
1 0.38515625 0.40078125 0.13671875 0.00703125
1 0.43125 0.21015625 0.0578125 0.0078125
1 0.4375 0.24296875 0.003125 0.059375
1 0.4375 0.3609375 0.003125 0.07421875
1 0.48359375 0.40078125 0.015625 0.00703125
1 0.34609375 0.478125 0.003125 0.146875
1 0.36015625 0.54765625 0.02421875 0.009375
1 0.47578125 0.54765625 0.03125 0.009375
1 0.5078125 0.34921875 0.0328125 0.00859375
1 0.49296875 0.49140625 0.00390625 0.27578125
1 0.5078125 0.62578125 0.02578125 0.0078125
1 0.56484375 0.34921875 0.0375 0.01015625
1 0.58203125 0.4875 0.003125 0.26875
1 0.58203125 0.6265625 0.05390625 0.0078125
1 0.60546875 0.209375 0.03828125 0.0078125
1 0.6703125 0.209375 0.04609375 0.0078125
1 0.69140625 0.33671875 0.00390625 0.2484375
1 0.58671875 0.40078125 0.00546875 0.0078125
1 0.65 0.40078125 0.078125 0.0078125
1 0.67890625 0.6265625 0.02890625 0.0078125
1 0.69140625 0.60078125 0.00390625 0.04296875
0 0.32421875 0.36015625 0.02265625 0.05
0 0.42890625 0.2984375 0.021875 0.05078125
0 0.46484375 0.3796875 0.02265625 0.05078125
0 0.53515625 0.32734375 0.021875 0.05234375
0 0.60078125 0.37890625 0.021875 0.0515625
0 0.6359375 0.1875 0.021875 0.05234375
2 0.3859375 0.209375 0.03359375 0.009375
2 0.5234375 0.209375 0.12578125 0.009375
2 0.69140625 0.5203125 0.00390625 0.11953125
2 0.6359375 0.62578125 0.05546875 0.00859375
2 0.53828125 0.62578125 0.03359375 0.009375
2 0.41640625 0.54765625 0.08828125 0.0109375