1 0.440625 0.25234375 0.00546875 0.3515625
1 0.59296875 0.42265625 0.3 0.0125
1 0.740625 0.246875 0.0046875 0.33984375
1 0.58125 0.08203125 0.17734375 0.0109375
1 0.7203125 0.0828125 0.034375 0.0109375
1 0.65390625 0.165625 0.00546875 0.15546875
1 0.61484375 0.2375 0.07265625 0.0109375
1 0.58046875 0.11875 0.0046875 0.0609375
1 0.58046875 0.2203125 0.0046875 0.025
1 0.5296875 0.15078125 0.00546875 0.1265625
1 0.52421875 0.209375 0.00625 0.01171875
1 0.47578125 0.209375 0.06484375 0.0109375
1 0.496875 0.19140625 0.00546875 0.025
1 0.496875 0.11015625 0.00625 0.0453125
1 0.49375 0.33203125 0.00546875 0.16796875
1 0.51484375 0.28203125 0.03671875 0.01328125
1 0.5640625 0.28203125 0.0203125 0.01328125
1 0.57109375 0.353125 0.00546875 0.128125
0 0.5 0.15625 0.01328125 0.046875
0 0.51484375 0.21328125 0.0125 0.021875
0 0.54375 0.27265625 0.02109375 0.03125
0 0.5859375 0.178125 0.015625 0.059375
0 0.68671875 0.0515625 0.03203125 0.071875
2 0.46796875 0.08203125 0.04921875 0.01171875