1 0.3640625 0.59453125 0.009375 0.0375
1 0.38828125 0.60390625 0.0390625 0.01875
1 0.5125 0.603125 0.1109375 0.01875
1 0.64921875 0.60390625 0.0609375 0.01875
1 0.74609375 0.603125 0.025 0.01875
1 0.7546875 0.56875 0.0078125 0.05
1 0.7546875 0.41171875 0.0078125 0.09375
1 0.7546875 0.2765625 0.0078125 0.0640625
1 0.64140625 0.5609375 0.009375 0.06875
1 0.64140625 0.4046875 0.00625 0.0796875
1 0.69765625 0.396875 0.1046875 0.01875
1 0.3640625 0.371875 0.0078125 0.05
1 0.39375 0.3390625 0.065625 0.01875
1 0.47109375 0.33828125 0.01875 0.0171875
1 0.47734375 0.23515625 0.009375 0.1875
1 0.64140625 0.22109375 0.0078125 0.1609375
1 0.6984375 0.25390625 0.10625 0.01875
1 0.5484375 0.13125 0.19375 0.01875
1 0.39921875 0.13203125 0.028125 0.01875
1 0.47734375 0.51015625 0.0078125 0.165625
1 0.3662135421875 0.31393283515625 0.010664062499999983 0.030805970312500007
1 0.37992252578125 0.1548559703125 0.011764323437500002 0.06307611875000001
0 0.59375 0.6515625 0.0515625 0.1203125
0 0.6546875 0.48515625 0.034375 0.0828125
0 0.65078125 0.3328125 0.0265625 0.065625
0 0.44453125 0.30859375 0.034375 0.08125
0 0.3512529296875 0.23158358203125 0.06009440000000001 0.13924477656249998
2 0.43203125 0.60390625 0.05 0.021875
2 0.70625 0.603125 0.053125 0.021875
2 0.43203125 0.13125 0.0390625 0.021875
2 0.3640625 0.484375 0.0078125 0.184375
2 0.7546875 0.50234375 0.0078125 0.0875
2 0.7546875 0.3359375 0.009375 0.059375