1 0.25234375 0.559375 0.3515625 0.00625
1 0.42265625 0.40703125 0.0125 0.3
1 0.246875 0.259375 0.340625 0.0046875
1 0.08203125 0.41875 0.0109375 0.178125
1 0.0828125 0.2796875 0.0109375 0.034375
1 0.165625 0.34609375 0.15625 0.00625
1 0.2375 0.38515625 0.0109375 0.071875
1 0.11875 0.41953125 0.0609375 0.0046875
1 0.2203125 0.41953125 0.025 0.0046875
1 0.15078125 0.4703125 0.1265625 0.00625
1 0.209375 0.47578125 0.0125 0.00625
1 0.209375 0.52421875 0.0109375 0.065625
1 0.19140625 0.503125 0.025 0.00625
1 0.11015625 0.503125 0.0453125 0.00625
1 0.33203125 0.50625 0.16875 0.00625
1 0.28203125 0.48515625 0.0125 0.0375
1 0.28203125 0.4359375 0.0125 0.0203125
1 0.353125 0.42890625 0.128125 0.00625
0 0.15625 0.5 0.046875 0.0125
0 0.21328125 0.48515625 0.021875 0.0125
0 0.27265625 0.45625 0.03125 0.021875
0 0.178125 0.4140625 0.059375 0.015625
0 0.0515625 0.31328125 0.071875 0.03125
2 0.08203125 0.53203125 0.0125 0.05