1 0.39765625 0.5359375 0.021875 0.20625
1 0.53828125 0.6359375 0.2625 0.009375
1 0.66015625 0.60234375 0.01875 0.05625
1 0.6609375 0.52890625 0.01875 0.0203125
1 0.48984375 0.52265625 0.165625 0.009375
1 0.396875 0.35078125 0.01875 0.0609375
1 0.39765625 0.25390625 0.01875 0.025
1 0.43046875 0.2453125 0.05 0.009375
1 0.43984375 0.35859375 0.06875 0.0078125
1 0.59609375 0.35859375 0.0796875 0.0078125
1 0.60234375 0.3015625 0.015625 0.10625
1 0.5890625 0.2453125 0.09375 0.009375
1 0.86875 0.60390625 0.01875 0.0328125
1 0.86875 0.4515625 0.01875 0.1921875
1 0.76484375 0.52265625 0.190625 0.0078125
1 0.7796875 0.35859375 0.1609375 0.0078125
1 0.74609375 0.2984375 0.01875 0.1125
1 0.7140625 0.24609375 0.04375 0.00625
0 0.34765625 0.40625 0.11875 0.05
0 0.51328125 0.34609375 0.08125 0.034375
0 0.6671875 0.34921875 0.0640625 0.0265625
0 0.69140625 0.55546875 0.08125 0.034375
2 0.39765625 0.29375 0.0203125 0.053125
2 0.4984375 0.24453125 0.0875 0.009375
2 0.6640625 0.2453125 0.05625 0.0078125
2 0.86796875 0.56796875 0.021875 0.040625
0 0.7685134328125001 0.6489368492187501 0.13879104375000004 0.060380207812500065
1 0.6859791046874999 0.6338320312500001 0.03300298437500002 0.010657553125000075
1 0.84594253671875 0.6194446609375001 0.0635059703125 0.011906250000000007