1 0.33984375 0.26015625 0.003125 0.01640625
1 0.36640625 0.2546875 0.04921875 0.00625
1 0.5125 0.2546875 0.09609375 0.00625
1 0.596875 0.2546875 0.03671875 0.00625
1 0.6140625 0.42265625 0.003125 0.3296875
1 0.609375 0.4546875 0.00625 0.00703125
1 0.6015625 0.58515625 0.021875 0.00625
1 0.52734375 0.28203125 0.003125 0.046875
1 0.52734375 0.4640625 0.003125 0.23515625
1 0.55859375 0.45546875 0.06015625 0.00625
1 0.51171875 0.4078125 0.0265625 0.00703125
1 0.46171875 0.40703125 0.0390625 0.0078125
1 0.3828125 0.40703125 0.084375 0.00703125
1 0.33984375 0.4453125 0.003125 0.2734375
1 0.45703125 0.496875 0.003125 0.17109375
1 0.34375 0.584375 0.0109375 0.00703125
1 0.434375 0.584375 0.0890625 0.00703125
1 0.528125 0.584375 0.04453125 0.00703125
0 0.346875 0.28828125 0.01875 0.04140625
0 0.43359375 0.39140625 0.0171875 0.03984375
0 0.48984375 0.390625 0.0171875 0.04140625
0 0.5203125 0.32578125 0.01796875 0.03984375
0 0.56953125 0.2390625 0.01796875 0.04296875
0 0.59765625 0.43828125 0.0171875 0.0421875
2 0.42734375 0.2546875 0.07421875 0.01015625
2 0.5703125 0.58515625 0.0390625 0.00859375
2 0.4921875 0.58515625 0.02578125 0.009375
2 0.36953125 0.58515625 0.03984375 0.00859375