1 0.4640625 0.39765625 0.20625 0.02109375
1 0.3640625 0.53828125 0.00859375 0.2625
1 0.39765625 0.66015625 0.05703125 0.01796875
1 0.47109375 0.6609375 0.0203125 0.01875
1 0.47734375 0.48984375 0.00859375 0.165625
1 0.64921875 0.396875 0.0609375 0.01875
1 0.74609375 0.39765625 0.02578125 0.01953125
1 0.7546875 0.43046875 0.00859375 0.05
1 0.64140625 0.43984375 0.0078125 0.06875
1 0.64140625 0.59609375 0.0078125 0.0796875
1 0.6984375 0.60234375 0.10625 0.01640625
1 0.7546875 0.5890625 0.00859375 0.09296875
1 0.39609375 0.86875 0.0328125 0.01875
1 0.5484375 0.86875 0.1921875 0.01875
1 0.47734375 0.76484375 0.0078125 0.190625
1 0.64140625 0.7796875 0.0078125 0.1609375
1 0.7015625 0.74609375 0.11328125 0.01875
1 0.75390625 0.7140625 0.00703125 0.04375
0 0.59375 0.34765625 0.05078125 0.11953125
0 0.65390625 0.51328125 0.034375 0.08203125
0 0.65078125 0.6671875 0.0265625 0.0640625
0 0.44453125 0.69140625 0.03515625 0.08046875
2 0.70625 0.39765625 0.05234375 0.0203125
2 0.75546875 0.4984375 0.00859375 0.08671875
2 0.7546875 0.6640625 0.0078125 0.05625
2 0.43203125 0.86796875 0.03984375 0.02109375
0 0.35106315078124994 0.7685134328125001 0.06038020781250002 0.13879104375000004
1 0.36616796875 0.6859791046874999 0.010657553124999986 0.03300298437500002
1 0.3805553390625 0.84594253671875 0.011906250000000007 0.0635059703125