1 0.440625 0.1734375 0.00546875 0.19453125
1 0.43984375 0.3796875 0.0046875 0.0984375
1 0.44609375 0.421875 0.0078125 0.0125
1 0.44765625 0.08359375 0.009375 0.0109375
1 0.5125 0.0828125 0.06171875 0.01171875
1 0.5859375 0.0828125 0.03515625 0.0109375
1 0.65234375 0.0828125 0.03515625 0.0109375
1 0.72265625 0.0828125 0.0390625 0.01171875
1 0.740625 0.1265625 0.0046875 0.07734375
1 0.740625 0.39140625 0.00546875 0.05078125
1 0.6125 0.42265625 0.2609375 0.0125
1 0.49375 0.33203125 0.00546875 0.16796875
1 0.51328125 0.30859375 0.03125 0.0125
1 0.56171875 0.30859375 0.025 0.01171875
1 0.571875 0.365625 0.00546875 0.1015625
1 0.496875 0.1109375 0.00546875 0.0453125
1 0.496875 0.1921875 0.00546875 0.02421875
1 0.475 0.21015625 0.065625 0.01171875
1 0.53046875 0.146875 0.00625 0.115625
1 0.52734375 0.21015625 0.01171875 0.0109375
1 0.58046875 0.11875 0.0046875 0.06015625
1 0.58046875 0.225 0.0046875 0.0359375
1 0.65390625 0.16640625 0.00546875 0.15546875
1 0.6171875 0.2375 0.06875 0.01015625
0 0.5 0.15703125 0.01328125 0.0484375
0 0.51484375 0.21484375 0.01328125 0.02109375
0 0.5390625 0.31875 0.0203125 0.03203125
0 0.5859375 0.178125 0.01640625 0.05859375
2 0.43984375 0.30078125 0.00625 0.05859375
2 0.4671875 0.0828125 0.0296875 0.0109375
2 0.55625 0.0828125 0.02578125 0.0125
2 0.61953125 0.0828125 0.03125 0.0125
2 0.740625 0.26484375 0.00625 0.20078125
0 0.46640625 0.453125 0.03203125 0.0734375
0 0.68671875 0.05078125 0.0328125 0.075