1 0.26015625 0.33984375 0.015625 0.003125
1 0.2546875 0.36640625 0.00625 0.05
1 0.2546875 0.5125 0.00625 0.096875
1 0.2546875 0.596875 0.00625 0.0375
1 0.42265625 0.6140625 0.3296875 0.003125
1 0.4546875 0.609375 0.00625 0.00625
1 0.58515625 0.6015625 0.00625 0.021875
1 0.28203125 0.52734375 0.046875 0.003125
1 0.4640625 0.52734375 0.234375 0.003125
1 0.45546875 0.55859375 0.00625 0.059375
1 0.4078125 0.51171875 0.00625 0.0265625
1 0.40703125 0.46171875 0.0078125 0.0390625
1 0.40703125 0.3828125 0.00625 0.084375
1 0.4453125 0.33984375 0.2734375 0.003125
1 0.496875 0.45703125 0.171875 0.003125
1 0.584375 0.34375 0.00625 0.0109375
1 0.584375 0.434375 0.00625 0.0890625
1 0.584375 0.528125 0.00625 0.04375
0 0.28828125 0.346875 0.040625 0.01875
0 0.39140625 0.43359375 0.040625 0.0171875
0 0.390625 0.48984375 0.040625 0.0171875
0 0.32578125 0.5203125 0.040625 0.01875
0 0.2390625 0.56953125 0.04375 0.01875
0 0.43828125 0.59765625 0.0421875 0.0171875
2 0.2546875 0.42734375 0.009375 0.075
2 0.58515625 0.5703125 0.009375 0.0390625
2 0.58515625 0.4921875 0.009375 0.025
2 0.58515625 0.36953125 0.009375 0.040625