1 0.66015625 0.26015625 0.003125 0.015625
1 0.63359375 0.2546875 0.05 0.00625
1 0.4875 0.2546875 0.096875 0.00625
1 0.403125 0.2546875 0.0375 0.00625
1 0.3859375 0.42265625 0.003125 0.3296875
1 0.390625 0.4546875 0.00625 0.00625
1 0.3984375 0.58515625 0.021875 0.00625
1 0.47265625 0.28203125 0.003125 0.046875
1 0.47265625 0.4640625 0.003125 0.234375
1 0.44140625 0.45546875 0.059375 0.00625
1 0.48828125 0.4078125 0.0265625 0.00625
1 0.53828125 0.40703125 0.0390625 0.0078125
1 0.6171875 0.40703125 0.084375 0.00625
1 0.66015625 0.4453125 0.003125 0.2734375
1 0.54296875 0.496875 0.003125 0.171875
1 0.65625 0.584375 0.0109375 0.00625
1 0.565625 0.584375 0.0890625 0.00625
1 0.471875 0.584375 0.04375 0.00625
0 0.653125 0.28828125 0.01875 0.040625
0 0.56640625 0.39140625 0.0171875 0.040625
0 0.51015625 0.390625 0.0171875 0.040625
0 0.4796875 0.32578125 0.01875 0.040625
0 0.43046875 0.2390625 0.01875 0.04375
0 0.40234375 0.43828125 0.0171875 0.0421875
2 0.57265625 0.2546875 0.075 0.009375
2 0.4296875 0.58515625 0.0390625 0.009375
2 0.5078125 0.58515625 0.025 0.009375
2 0.63046875 0.58515625 0.040625 0.009375