1 0.590625 0.70625 0.34375 0.021875
1 0.7578125 0.66171875 0.009375 0.06875
1 0.75859375 0.4875 0.0078125 0.10625
1 0.70078125 0.4453125 0.10625 0.01875
1 0.64375 0.646875 0.0078125 0.1
1 0.64375 0.39609375 0.0078125 0.165625
1 0.60390625 0.321875 0.071875 0.01875
1 0.45390625 0.321875 0.06875 0.01875
1 0.4234375 0.4375 0.009375 0.2125
1 0.4234375 0.6796875 0.0078125 0.034375
0 0.4015625 0.60390625 0.053125 0.1203125
0 0.665625 0.53671875 0.053125 0.11875
2 0.52890625 0.321875 0.0796875 0.01875
2 0.7578125 0.584375 0.009375 0.0859375