1 0.1734375 0.559375 0.19375 0.00625
1 0.3796875 0.56015625 0.0984375 0.0046875
1 0.421875 0.55390625 0.0125 0.0078125
1 0.08359375 0.55234375 0.0109375 0.009375
1 0.0828125 0.4875 0.0125 0.0625
1 0.0828125 0.4140625 0.0109375 0.034375
1 0.0828125 0.34765625 0.0109375 0.034375
1 0.0828125 0.27734375 0.0125 0.0390625
1 0.1265625 0.259375 0.078125 0.0046875
1 0.39140625 0.259375 0.05 0.00625
1 0.42265625 0.3875 0.0125 0.2609375
1 0.33203125 0.50625 0.16875 0.00625
1 0.30859375 0.48671875 0.0125 0.03125
1 0.30859375 0.43828125 0.0125 0.025
1 0.365625 0.428125 0.1015625 0.00625
1 0.1109375 0.503125 0.0453125 0.00625
1 0.1921875 0.503125 0.025 0.00625
1 0.21015625 0.525 0.0125 0.065625
1 0.146875 0.46953125 0.115625 0.00625
1 0.21015625 0.47265625 0.0109375 0.0125
1 0.11875 0.41953125 0.059375 0.0046875
1 0.225 0.41953125 0.0359375 0.0046875
1 0.16640625 0.34609375 0.15625 0.00625
1 0.2375 0.3828125 0.009375 0.06875
0 0.15703125 0.5 0.0484375 0.0125
0 0.21484375 0.48515625 0.021875 0.0125
0 0.31875 0.4609375 0.03125 0.0203125
0 0.178125 0.4140625 0.059375 0.015625
2 0.30078125 0.56015625 0.059375 0.00625
2 0.0828125 0.5328125 0.0109375 0.0296875
2 0.0828125 0.44375 0.0125 0.025
2 0.0828125 0.38046875 0.0125 0.03125
2 0.26484375 0.259375 0.2 0.00625
0 0.453125 0.53359375 0.0734375 0.03125
0 0.05078125 0.31328125 0.075 0.0328125