1 0.40546875 0.6359375 0.0375 0.009375
1 0.39609375 0.61171875 0.01875 0.0390625
1 0.396875 0.4875 0.01875 0.1109375
1 0.39609375 0.35078125 0.01875 0.0609375
1 0.396875 0.25390625 0.01875 0.025
1 0.43125 0.2453125 0.05 0.0078125
1 0.58828125 0.2453125 0.09375 0.0078125
1 0.7234375 0.2453125 0.0640625 0.0078125
1 0.4390625 0.35859375 0.06875 0.009375
1 0.5953125 0.35859375 0.0796875 0.00625
1 0.603125 0.30234375 0.01875 0.1046875
1 0.628125 0.6359375 0.05 0.0078125
1 0.6609375 0.60625 0.01875 0.065625
1 0.66171875 0.52890625 0.0171875 0.01875
1 0.76484375 0.52265625 0.1875 0.009375
1 0.77890625 0.35859375 0.1609375 0.0078125
1 0.74609375 0.3015625 0.01875 0.10625
1 0.86875 0.4515625 0.01875 0.19375
1 0.86796875 0.60078125 0.01875 0.028125
1 0.48984375 0.52265625 0.165625 0.0078125
1 0.68606716484375 0.6337864578125 0.030805970312500007 0.010664062500000071
1 0.8451440296874999 0.62007747421875 0.0630761187500001 0.011764323437500047
0 0.3484375 0.40625 0.1203125 0.0515625
0 0.51484375 0.3453125 0.0828125 0.034375
0 0.6671875 0.34921875 0.065625 0.0265625
0 0.69140625 0.55546875 0.08125 0.034375
0 0.7684164179687499 0.6487470703125 0.13924477656249995 0.06009440000000001
2 0.39609375 0.56796875 0.021875 0.05
2 0.396875 0.29375 0.021875 0.053125
2 0.86875 0.56796875 0.021875 0.0390625
2 0.515625 0.6359375 0.184375 0.0078125
2 0.49765625 0.2453125 0.0875 0.0078125
2 0.6640625 0.2453125 0.059375 0.009375