1 0.128125 0.0140625 0.07890625 0.01015625
1 0.25234375 0.0140625 0.07890625 0.01015625
1 0.0921875 0.10234375 0.0046875 0.16796875
1 0.0921875 0.26875 0.00390625 0.02578125
1 0.1859375 0.2765625 0.18359375 0.0109375
1 0.26015625 0.06015625 0.00390625 0.0828125
1 0.259375 0.22109375 0.0046875 0.10234375
1 0.34296875 0.27734375 0.0703125 0.0125
2 0.18984375 0.0140625 0.04609375 0.009375
0 0.10546875 0.2203125 0.03359375 0.071875
0 0.24765625 0.13515625 0.03046875 0.06953125
0 0.29375 0.24921875 0.03125 0.06953125
0 0.39375 0.24765625 0.03125 0.07109375
2 0.53203125 0.01484375 0.03046875 0.01015625
2 0.378125 0.01484375 0.17265625 0.0125
1 0.490625 0.0140625 0.05234375 0.01328125
1 0.57890625 0.0140625 0.0625 0.01171875
1 0.490625 0.2765625 0.1640625 0.01171875
1 0.6078125 0.30390625 0.0046875 0.5703125
1 0.58671875 0.58359375 0.0375 0.0109375
1 0.46015625 0.584375 0.078125 0.01015625
2 0.53359375 0.584375 0.06875 0.01171875
2 0.39765625 0.584375 0.04609375 0.0125
1 0.4578125 0.43125 0.00546875 0.296875
1 0.33671875 0.43046875 0.0046875 0.296875
1 0.29765625 0.584375 0.15390625 0.0109375
2 0.1859375 0.58359375 0.0703125 0.01328125
1 0.134375 0.4359375 0.00546875 0.30859375
1 0.14453125 0.58359375 0.01328125 0.0109375