1 0.64296875 0.20859375 0.025 0.0078125
1 0.56875 0.209375 0.0578125 0.009375
1 0.5625 0.2421875 0.003125 0.059375
1 0.39453125 0.209375 0.0375 0.009375
1 0.34375 0.209375 0.01875 0.009375
1 0.3375 0.3375 0.003125 0.246875
1 0.33671875 0.60390625 0.003125 0.05
1 0.3484375 0.62578125 0.021875 0.009375
1 0.41875 0.62578125 0.053125 0.009375
1 0.49375 0.62578125 0.0296875 0.009375
1 0.65390625 0.27421875 0.003125 0.125
1 0.65390625 0.46875 0.003125 0.165625
1 0.640625 0.54765625 0.0234375 0.0109375
1 0.52421875 0.54765625 0.03125 0.009375
1 0.56171875 0.359375 0.003125 0.075
1 0.5984375 0.40078125 0.10625 0.009375
1 0.5 0.4 0.0484375 0.009375
1 0.43203125 0.40078125 0.04375 0.009375
1 0.3640625 0.4 0.05 0.009375
1 0.50703125 0.51328125 0.003125 0.21875
1 0.41796875 0.5140625 0.003125 0.2171875
0 0.6453125 0.36015625 0.021875 0.05
0 0.57109375 0.2984375 0.021875 0.0515625
0 0.534375 0.3796875 0.021875 0.053125
0 0.46484375 0.37890625 0.021875 0.053125
0 0.39921875 0.37890625 0.021875 0.0546875
0 0.3640625 0.1875 0.021875 0.0546875
2 0.6140625 0.20859375 0.034375 0.0125
2 0.4765625 0.20859375 0.1265625 0.0109375
2 0.3375 0.5203125 0.003125 0.11875
2 0.37578125 0.62578125 0.034375 0.0109375
2 0.46171875 0.625 0.034375 0.009375
2 0.584375 0.54765625 0.0875 0.009375