1 0.79140625 0.35703125 0.0078125 0.025
1 0.790625 0.43125 0.009375 0.0578125
1 0.7578125 0.4375 0.059375 0.003125
1 0.790625 0.60546875 0.009375 0.0375
1 0.790625 0.65625 0.009375 0.01875
1 0.6625 0.6625 0.246875 0.003125
1 0.39609375 0.66328125 0.05 0.003125
1 0.37421875 0.6515625 0.009375 0.021875
1 0.37421875 0.58125 0.009375 0.053125
1 0.37421875 0.50625 0.009375 0.0296875
1 0.72578125 0.34609375 0.125 0.003125
1 0.53125 0.34609375 0.165625 0.003125
1 0.45234375 0.359375 0.0109375 0.0234375
1 0.45234375 0.47578125 0.009375 0.03125
1 0.640625 0.43828125 0.075 0.003125
1 0.59921875 0.4015625 0.009375 0.10625
1 0.6 0.5 0.009375 0.0484375
1 0.59921875 0.56796875 0.009375 0.04375
1 0.6 0.6359375 0.009375 0.05
1 0.48671875 0.49296875 0.21875 0.003125
1 0.4859375 0.58203125 0.2171875 0.003125
0 0.63984375 0.3546875 0.05 0.021875
0 0.7015625 0.42890625 0.0515625 0.021875
0 0.6203125 0.465625 0.053125 0.021875
0 0.62109375 0.53515625 0.053125 0.021875
0 0.62109375 0.60078125 0.0546875 0.021875
0 0.8125 0.6359375 0.0546875 0.021875
2 0.79140625 0.3859375 0.0125 0.034375
2 0.79140625 0.5234375 0.0109375 0.1265625
2 0.4796875 0.6625 0.11875 0.003125
2 0.37421875 0.62421875 0.0109375 0.034375
2 0.375 0.53828125 0.009375 0.034375
2 0.45234375 0.415625 0.009375 0.0875