1 0.209375 0.65859375 0.0078125 0.05625
1 0.27421875 0.68515625 0.121875 0.003125
1 0.3953125 0.68515625 0.01875 0.003125
1 0.40078125 0.61484375 0.00625 0.1375
1 0.21015625 0.56875 0.0078125 0.0578125
1 0.24296875 0.5625 0.059375 0.003125
1 0.3609375 0.5625 0.075 0.003125
1 0.40078125 0.51640625 0.00625 0.015625
1 0.478125 0.65390625 0.146875 0.003125
1 0.54765625 0.63984375 0.009375 0.025
1 0.54765625 0.52421875 0.009375 0.03125
1 0.34921875 0.4921875 0.009375 0.0328125
1 0.49140625 0.50703125 0.275 0.003125
1 0.62578125 0.4921875 0.0078125 0.025
1 0.34921875 0.43515625 0.009375 0.0375
1 0.4875 0.41796875 0.26875 0.003125
1 0.6265625 0.41796875 0.0078125 0.053125
1 0.209375 0.39453125 0.0078125 0.0375
1 0.209375 0.3296875 0.0078125 0.046875
1 0.33671875 0.30859375 0.2484375 0.003125
1 0.40078125 0.41328125 0.0078125 0.00625
1 0.40078125 0.35 0.0078125 0.078125
1 0.6265625 0.32109375 0.0078125 0.028125
1 0.60078125 0.30859375 0.04375 0.003125
0 0.36015625 0.67578125 0.05 0.021875
0 0.2984375 0.57109375 0.05 0.021875
0 0.3796875 0.53515625 0.05 0.021875
0 0.32734375 0.46484375 0.053125 0.021875
0 0.37890625 0.39921875 0.0515625 0.021875
0 0.1875 0.3640625 0.053125 0.021875
2 0.209375 0.6140625 0.009375 0.034375
2 0.209375 0.4765625 0.009375 0.125
2 0.5203125 0.30859375 0.11875 0.003125
2 0.62578125 0.3640625 0.009375 0.05625
2 0.62578125 0.46171875 0.009375 0.034375
2 0.54765625 0.58359375 0.0109375 0.0875