1 0.4640625 0.60234375 0.20625 0.021875
1 0.3640625 0.46171875 0.009375 0.2625
1 0.39765625 0.33984375 0.05625 0.01875
1 0.47109375 0.3390625 0.0203125 0.01875
1 0.47734375 0.51015625 0.009375 0.165625
1 0.64921875 0.603125 0.0609375 0.01875
1 0.74609375 0.60234375 0.025 0.01875
1 0.7546875 0.56953125 0.009375 0.05
1 0.64140625 0.56015625 0.0078125 0.06875
1 0.64140625 0.40390625 0.0078125 0.0796875
1 0.6984375 0.39765625 0.10625 0.015625
1 0.7546875 0.4109375 0.009375 0.09375
1 0.39609375 0.13125 0.0328125 0.01875
1 0.5484375 0.13125 0.1921875 0.01875
1 0.47734375 0.23515625 0.0078125 0.190625
1 0.64140625 0.2203125 0.0078125 0.1609375
1 0.7015625 0.25390625 0.1125 0.01875
1 0.75390625 0.2859375 0.00625 0.04375
0 0.59375 0.65234375 0.05 0.11875
0 0.65390625 0.48671875 0.034375 0.08125
0 0.65078125 0.3328125 0.0265625 0.0640625
0 0.44453125 0.30859375 0.034375 0.08125
2 0.70625 0.60234375 0.053125 0.0203125
2 0.75546875 0.5015625 0.009375 0.0875
2 0.7546875 0.3359375 0.0078125 0.05625
2 0.43203125 0.13203125 0.040625 0.021875
0 0.35106315078124994 0.23148656718750002 0.06038020781250002 0.13879104375
1 0.36616796875 0.3140208953125 0.010657553124999986 0.033002984374999975
1 0.3805553390625 0.15405746328125 0.011906250000000007 0.0635059703125