1 0.440625 0.74765625 0.00625 0.3515625
1 0.59296875 0.57734375 0.3 0.0125
1 0.740625 0.753125 0.0046875 0.340625
1 0.58125 0.91796875 0.178125 0.0109375
1 0.7203125 0.9171875 0.034375 0.0109375
1 0.65390625 0.834375 0.00625 0.15625
1 0.61484375 0.7625 0.071875 0.0109375
1 0.58046875 0.88125 0.0046875 0.0609375
1 0.58046875 0.7796875 0.0046875 0.025
1 0.5296875 0.84921875 0.00625 0.1265625
1 0.52421875 0.790625 0.00625 0.0125
1 0.47578125 0.790625 0.065625 0.0109375
1 0.496875 0.80859375 0.00625 0.025
1 0.496875 0.88984375 0.00625 0.0453125
1 0.49375 0.66796875 0.00625 0.16875
1 0.51484375 0.71796875 0.0375 0.0125
1 0.5640625 0.71796875 0.0203125 0.0125
1 0.57109375 0.646875 0.00625 0.128125
0 0.5 0.84375 0.0125 0.046875
0 0.51484375 0.78671875 0.0125 0.021875
0 0.54375 0.72734375 0.021875 0.03125
0 0.5859375 0.821875 0.015625 0.059375
0 0.68671875 0.9484375 0.03125 0.071875
2 0.46796875 0.91796875 0.05 0.0125