1 0.65859375 0.790625 0.05625 0.0078125
1 0.68515625 0.72578125 0.003125 0.121875
1 0.68515625 0.6046875 0.003125 0.01875
1 0.61484375 0.59921875 0.1375 0.00625
1 0.56875 0.78984375 0.0578125 0.0078125
1 0.5625 0.75703125 0.003125 0.059375
1 0.5625 0.6390625 0.003125 0.075
1 0.51640625 0.59921875 0.015625 0.00625
1 0.65390625 0.521875 0.003125 0.146875
1 0.63984375 0.45234375 0.025 0.009375
1 0.52421875 0.45234375 0.03125 0.009375
1 0.4921875 0.65078125 0.0328125 0.009375
1 0.50703125 0.50859375 0.003125 0.275
1 0.4921875 0.37421875 0.025 0.0078125
1 0.43515625 0.65078125 0.0375 0.009375
1 0.41796875 0.5125 0.003125 0.26875
1 0.41796875 0.3734375 0.053125 0.0078125
1 0.39453125 0.790625 0.0375 0.0078125
1 0.3296875 0.790625 0.046875 0.0078125
1 0.30859375 0.66328125 0.003125 0.2484375
1 0.41328125 0.59921875 0.00625 0.0078125
1 0.35 0.59921875 0.078125 0.0078125
1 0.32109375 0.3734375 0.028125 0.0078125
1 0.30859375 0.39921875 0.003125 0.04375
0 0.67578125 0.63984375 0.021875 0.05
0 0.57109375 0.7015625 0.021875 0.05
0 0.53515625 0.6203125 0.021875 0.05
0 0.46484375 0.67265625 0.021875 0.053125
0 0.39921875 0.62109375 0.021875 0.0515625
0 0.3640625 0.8125 0.021875 0.053125
2 0.6140625 0.790625 0.034375 0.009375
2 0.4765625 0.790625 0.125 0.009375
2 0.30859375 0.4796875 0.003125 0.11875
2 0.3640625 0.37421875 0.05625 0.009375
2 0.46171875 0.37421875 0.034375 0.009375
2 0.58359375 0.45234375 0.0875 0.0109375